Simulation:  trappist1e_1barN2_0.4barCO2_aq
Description: t#### -- effective temperature of star (K)
Description: s#### -- stellar flux at planet (W m-2)
Description: p#### -- orbital-rotational period (Earth days)
Description:  TRAPPIST-1e, 1 bar N2, 0.4 bar
Description: SUBSTELLAR HEMISPHERE MEAN vertical profile
Description: mass mixing ratios (kg/kg) relative to the moist air mass (i.e dry air mass + water vapor mass)
Description: pressure are total pressure (i.e  P_dry_air + P_h2o)
       surf press        surf temp      surf albedo        mw_dryair
     1400.5736084      297.4127197        0.0939897       32.5756416
lev           height(m)        press(mb)          temp(K)       N2 (kg/kg)      CO2 (kg/kg)      H2O (kg/kg)   liq_cld (kg/kg)  ice_cld (kg/kg)    reff_liq (µm)   reff_ice (µm)
  0       45418.1679688        0.9559475      181.6748657    6.1408246E-01    3.8591340E-01    4.1196486E-06    0.0000000E+00    8.5245633E-10           14.000            7.094
  1       44020.0039062        1.2447951      180.3693695    6.1408257E-01    3.8591343E-01    4.0138061E-06    0.0000000E+00    7.0904473E-09           14.000            6.624
  2       42653.3125000        1.6128501      180.2753754    6.1408257E-01    3.8591346E-01    3.9529832E-06    0.0000000E+00    1.2938927E-08           14.000            6.653
  3       41306.7929688        2.0793252      181.9345398    6.1408252E-01    3.8591343E-01    4.0254199E-06    0.0000000E+00    1.7868880E-08           14.000            7.106
  4       39972.3164062        2.6674249      184.1710205    6.1408240E-01    3.8591337E-01    4.2135821E-06    0.0000000E+00    1.9507903E-08           14.000            7.885
  5       38649.2265625        3.4048753      186.2239838    6.1408228E-01    3.8591325E-01    4.4819326E-06    0.0000000E+00    1.7867398E-08           14.000            8.757
  6       37340.4140625        4.3245749      187.8451843    6.1408210E-01    3.8591319E-01    4.7103917E-06    0.0000000E+00    1.6124945E-08           14.000            9.534
  7       36049.4218750        5.4653997      189.0069885    6.1408198E-01    3.8591310E-01    4.8733318E-06    0.0000000E+00    1.4603562E-08           14.000           10.126
  8       34779.0585938        6.8728499      189.9003448    6.1408192E-01    3.8591307E-01    5.0042026E-06    0.0000000E+00    1.3389518E-08           14.000           10.597
  9       33530.1289062        8.5997248      190.9047241    6.1408186E-01    3.8591301E-01    5.1212351E-06    0.0000000E+00    1.2968467E-08           14.000           11.161
 10       32300.8574219       10.7070494      192.4003754    6.1408180E-01    3.8591295E-01    5.2566165E-06    0.0000000E+00    1.4199866E-08           14.000           12.079
 11       31088.1855469       13.2647495      194.4712677    6.1408168E-01    3.8591290E-01    5.4151005E-06    0.0000000E+00    1.5585909E-08           14.000           13.491
 12       29890.1562500       16.3517513      196.8249359    6.1408162E-01    3.8591284E-01    5.5727660E-06    0.0000000E+00    1.1567240E-08           14.000           15.299
 13       28706.8964844       20.0567513      199.1047211    6.1408150E-01    3.8591281E-01    5.6598660E-06    0.0000000E+00    4.9786131E-09           14.000           17.265
 14       27539.8476562       24.4789982      201.1751404    6.1408156E-01    3.8591284E-01    5.6011149E-06    0.0000000E+00    1.7992700E-09           14.000           19.224
 15       26390.9082031       29.7279987      202.9997101    6.1408162E-01    3.8591287E-01    5.4750321E-06    0.0000000E+00    1.0825357E-09           14.000           21.060
 16       25262.1992188       35.9232483      204.5150604    6.1408168E-01    3.8591290E-01    5.4417187E-06    0.0000000E+00    8.6763924E-10           14.000           22.613
 17       24156.0957031       43.1937485      205.6530609    6.1408162E-01    3.8591287E-01    5.4873085E-06    0.0000000E+00    7.2899531E-10           14.000           23.762
 18       23075.1992188       51.6775017      206.3246155    6.1408162E-01    3.8591284E-01    5.5626515E-06    0.0000000E+00    6.8530398E-10           14.000           24.405
 19       22022.3066406       61.5204964      206.4566193    6.1408150E-01    3.8591281E-01    5.6461854E-06    0.0000000E+00    7.0338041E-10           14.000           24.465
 20       20999.9843750       72.8745041      206.1359100    6.1408150E-01    3.8591278E-01    5.7240300E-06    0.0000000E+00    9.5080566E-10           14.000           24.030
 21       19818.3046875       88.6720810      205.6132965    6.1408138E-01    3.8591275E-01    5.8343480E-06    3.5425746E-31    8.4047604E-09           14.000           23.359
 22       18515.0371094      110.0914841      206.0680847    6.1408103E-01    3.8591251E-01    6.4375727E-06    8.5007104E-27    2.3540895E-07           14.000           23.679
 23       17249.5839844      135.5467987      209.6535187    6.1407894E-01    3.8591117E-01    9.8828768E-06    1.0721160E-24    9.4707730E-07           14.000           27.316
 24       16007.1572266      165.4936523      215.5877228    6.1407220E-01    3.8590690E-01    2.0940930E-05    4.6605184E-24    1.7244292E-06           14.000           32.016
 25       14769.5595703      200.7246094      222.4894104    6.1405623E-01    3.8589689E-01    4.6926394E-05    1.4871972E-23    2.3992354E-06           14.000           35.694
 26       13527.3554688      242.1719513      229.5983734    6.1402518E-01    3.8587743E-01    9.7371907E-05    1.7194073E-07    3.4172963E-06           14.000           40.497
 27       12275.8378906      290.9326477      236.4926605    6.1397225E-01    3.8584411E-01    1.8365421E-04    3.0599863E-06    6.3768725E-06           14.000           48.755
 28       11012.6435547      348.2970886      243.0566559    6.1389506E-01    3.8579562E-01    3.0930690E-04    8.2341176E-06    5.7758953E-06           14.000           66.718
 29        9735.5146484      415.7833252      249.6018677    6.1377656E-01    3.8572115E-01    5.0229306E-04    1.6994807E-05    3.6861049E-06           14.000           93.207
 30        8441.8896484      495.1773987      256.1506958    6.1359096E-01    3.8560447E-01    8.0460857E-04    2.3917646E-05    1.3610689E-06           14.000          125.084
 31        7128.8774414      588.5804443      262.9786987    6.1334336E-01    3.8544890E-01    1.2077799E-03    1.9767913E-05    6.5800793E-07           14.000          166.574
 32        5792.5639648      698.4642334      270.3667908    6.1301708E-01    3.8524386E-01    1.7390820E-03    1.1864751E-05    2.6339615E-07           14.000          214.212
 33        4429.7075195      827.7369385      277.9239197    6.1261868E-01    3.8499346E-01    2.3878817E-03    4.4840558E-06    5.8847260E-08           14.000          234.034
 34        3160.3862305      965.9127808      284.4108276    6.1214697E-01    3.8469708E-01    3.1559470E-03    3.5558205E-06    1.7604115E-08           14.000          241.365
 35        2097.8681641     1096.3864746      289.1718750    6.1121833E-01    3.8411343E-01    4.6682581E-03    4.2334254E-06    2.8048908E-09           14.000          243.687
 36        1256.5406494     1210.4306641      292.3292542    6.0995591E-01    3.8332012E-01    6.7239562E-03    5.1353491E-06    7.5606139E-13           14.000          244.637
 37         643.3748779     1300.1175537      294.3844299    6.0859370E-01    3.8246408E-01    8.9421896E-03    7.0600981E-06    1.2588220E-27           14.000          245.291
 38         262.2957458     1358.8283691      295.7770081    6.0781860E-01    3.8197693E-01    1.0204460E-02    7.7731356E-06    4.7778828E-29           14.000          245.575
 39          64.8742142     1390.1478271      296.7402344    6.0755152E-01    3.8180912E-01    1.0639351E-02    4.0757232E-06    8.2677407E-12           14.000          245.633
