Simulation:  trappist1e_1barN2_0.4barCO2_aq
Description: t#### -- effective temperature of star (K)
Description: s#### -- stellar flux at planet (W m-2)
Description: p#### -- orbital-rotational period (Earth days)
Description:  TRAPPIST-1e, 1 bar N2, 0.4 bar
Description: ANTISTELLAR HEMISPHERE MEAN vertical profile
Description: mass mixing ratios (kg/kg) relative to the moist air mass (i.e dry air mass + water vapor mass)
Description: pressure are total pressure (i.e  P_dry_air + P_h2o)
       surf press        surf temp      surf albedo        mw_dryair
     1405.9587402      283.4492188        0.0000000       32.5756416
lev           height(m)        press(mb)          temp(K)       N2 (kg/kg)      CO2 (kg/kg)      H2O (kg/kg)   liq_cld (kg/kg)  ice_cld (kg/kg)    reff_liq (µm)   reff_ice (µm)
  0       45324.5351562        0.9559475      177.3911591    6.1408246E-01    3.8591340E-01    4.0884697E-06    0.0000000E+00    3.5981196E-09           14.000            6.226
  1       43952.2890625        1.2447951      177.8432159    6.1408257E-01    3.8591346E-01    3.9651773E-06    0.0000000E+00    1.7115815E-08           14.000            6.272
  2       42600.1250000        1.6128501      178.9051056    6.1408263E-01    3.8591349E-01    3.8756589E-06    0.0000000E+00    2.4583169E-08           14.000            6.457
  3       41263.4726562        2.0793252      180.6445618    6.1408257E-01    3.8591349E-01    3.9082424E-06    0.0000000E+00    3.3943969E-08           14.000            6.841
  4       39938.5390625        2.6674249      182.8447876    6.1408252E-01    3.8591343E-01    4.0648392E-06    0.0000000E+00    3.3264573E-08           14.000            7.470
  5       38624.0898438        3.4048753      185.1203003    6.1408234E-01    3.8591334E-01    4.3139603E-06    0.0000000E+00    2.7672748E-08           14.000            8.315
  6       37321.2929688        4.3245749      187.2050018    6.1408222E-01    3.8591325E-01    4.5495417E-06    0.0000000E+00    2.1169157E-08           14.000            9.247
  7       36032.7734375        5.4653997      188.8999329    6.1408210E-01    3.8591316E-01    4.7265298E-06    0.0000000E+00    1.6427574E-08           14.000           10.097
  8       34761.7539062        6.8728499      190.1858826    6.1408198E-01    3.8591310E-01    4.8691513E-06    0.0000000E+00    1.4110062E-08           14.000           10.784
  9       33510.5859375        8.5997248      191.2952881    6.1408192E-01    3.8591307E-01    4.9968116E-06    0.0000000E+00    1.2845401E-08           14.000           11.411
 10       32279.3945312       10.7070494      192.6173401    6.1408186E-01    3.8591301E-01    5.1497059E-06    0.0000000E+00    1.1094959E-08           14.000           12.224
 11       31066.3359375       13.2647495      194.3902588    6.1408174E-01    3.8591293E-01    5.3648009E-06    0.0000000E+00    9.9274411E-09           14.000           13.431
 12       29869.4628906       16.3517513      196.5360107    6.1408162E-01    3.8591284E-01    5.5712658E-06    0.0000000E+00    8.4914156E-09           14.000           15.064
 13       28687.9277344       20.0567513      198.8166656    6.1408150E-01    3.8591281E-01    5.6561626E-06    0.0000000E+00    5.2383164E-09           14.000           17.007
 14       27522.2011719       24.4789982      201.0049286    6.1408156E-01    3.8591284E-01    5.5826549E-06    0.0000000E+00    2.0763882E-09           14.000           19.067
 15       26373.8437500       29.7279987      202.9611359    6.1408162E-01    3.8591290E-01    5.4544907E-06    0.0000000E+00    1.2136989E-09           14.000           21.040
 16       25245.0371094       35.9232483      204.5851746    6.1408168E-01    3.8591290E-01    5.4308894E-06    0.0000000E+00    1.2225362E-09           14.000           22.702
 17       24138.3378906       43.1937485      205.8010101    6.1408162E-01    3.8591287E-01    5.4860720E-06    0.0000000E+00    1.0755409E-09           14.000           23.917
 18       23056.5214844       51.6775017      206.5257416    6.1408162E-01    3.8591284E-01    5.5609426E-06    0.0000000E+00    7.0218659E-10           14.000           24.596
 19       22002.4902344       61.5204964      206.7003326    6.1408150E-01    3.8591284E-01    5.6372483E-06    0.0000000E+00    7.1662026E-10           14.000           24.682
 20       20978.9394531       72.8745041      206.3880463    6.1408150E-01    3.8591281E-01    5.7096927E-06    0.0000000E+00    1.1328577E-09           14.000           24.243
 21       19792.9062500       88.7126160      205.9171448    6.1408150E-01    3.8591275E-01    5.8073142E-06    0.0000000E+00    5.7327885E-09           14.000           23.607
 22       18482.5195312      110.2202301      206.6605530    6.1408114E-01    3.8591254E-01    6.3341249E-06    3.4898926E-30    3.3200770E-08           14.000           24.190
 23       17210.3085938      135.7793274      210.2032318    6.1407948E-01    3.8591149E-01    9.0757039E-06    8.1489039E-27    1.0340946E-07           14.000           27.811
 24       15962.7949219      165.8482666      215.8835297    6.1407459E-01    3.8590845E-01    1.6960363E-05    6.0749759E-26    3.4017913E-07           14.000           32.177
 25       14721.8251953      201.2228546      222.6246490    6.1406422E-01    3.8590190E-01    3.3906184E-05    5.8258251E-25    5.5621348E-07           14.000           35.758
 26       13477.5224609      242.8391876      229.5739441    6.1404586E-01    3.8589042E-01    6.3695050E-05    1.8676118E-09    5.5314280E-07           14.000           40.462
 27       12225.2138672      291.7986755      236.2530823    6.1401570E-01    3.8587141E-01    1.1292017E-04    1.4706660E-07    8.9073262E-07           14.000           48.513
 28       10962.4228516      349.3970032      242.6617584    6.1396360E-01    3.8583866E-01    1.9777875E-04    4.8215406E-07    1.2633234E-06           14.000           66.432
 29        9686.8154297      417.1583862      248.9984436    6.1387527E-01    3.8578323E-01    3.4148269E-04    1.6310172E-06    2.1657820E-06           14.000           91.553
 30        8395.6250000      496.8761292      255.4457550    6.1372381E-01    3.8568801E-01    5.8818283E-04    4.8553143E-06    2.7370459E-06           14.000          121.921
 31        7085.4829102      590.6599731      262.2388000    6.1344236E-01    3.8551110E-01    1.0465541E-03    1.0419642E-05    1.7390875E-06           14.000          162.120
 32        5752.2651367      700.9917603      269.6031799    6.1306792E-01    3.8527584E-01    1.6562132E-03    1.2835064E-05    6.1772869E-07           14.000          209.312
 33        4392.7587891      830.7914429      277.1085815    6.1262476E-01    3.8499731E-01    2.3779508E-03    1.0223070E-05    9.6202520E-08           14.000          231.324
 34        3126.8400879      969.5306396      283.5129700    6.1214548E-01    3.8469613E-01    3.1583924E-03    8.7657609E-06    2.0629045E-08           14.000          240.349
 35        2068.0346680     1100.5363770      287.8545837    6.1157775E-01    3.8433933E-01    4.0829014E-03    6.8024651E-06    2.6231153E-09           14.000          243.408
 36        1231.8431396     1215.0454102      289.7970276    6.1114365E-01    3.8406652E-01    4.7898199E-03    6.1239361E-06    6.2062568E-13           14.000          244.425
 37         625.9497681     1305.0980225      289.3824158    6.1103606E-01    3.8399893E-01    4.9649975E-03    6.1432193E-06    9.4331057E-28           14.000          244.918
 38         253.0939636     1364.0482178      286.6940002    6.1100703E-01    3.8398069E-01    5.0122631E-03    6.7918363E-06    1.0640677E-15           14.000          245.268
 39          62.2954750     1395.4929199      284.9448547    6.1100924E-01    3.8398209E-01    5.0086505E-03    8.4655858E-06    2.7629518E-11           14.000          245.351
